
    Accel: -0.00 00.02 01.01
    Gyro:  -0.20 -0.44 00.34
    Mag:   -10.05 -7.35 89.10
    Accel: 00.00 00.02 01.01
    Gyro:  -0.21 -0.46 00.35
    Mag:   -10.05 -7.35 89.10
    Accel: -0.00 00.02 01.01
    Gyro:  -0.17 -0.49 00.40
    Mag:   -10.05 -7.35 89.10
    Accel: 00.00 00.02 01.01
    Gyro:  -0.17 -0.53 00.35
    Mag:   -10.05 -7.35 89.10
    Accel: -0.00 00.03 01.01
    Gyro:  -0.17 -0.56 00.35
    Mag:   -10.05 -7.35 89.10
    Accel: -0.00 00.02 01.01
    Gyro:  -0.14 -0.49 00.41
    Mag:   -10.05 -7.35 89.10
    Accel: 00.00 00.02 01.01
    Gyro:  -0.14 -0.50 00.34
    Mag:   -10.05 -7.35 89.10
    Accel: 00.00 00.02 01.01
    Gyro:  -0.17 -0.49 00.35
    Mag:   -10.05 -7.35 89.10
    Accel: 00.00 00.02 01.01
    Gyro:  -0.21 -0.53 00.32
    Mag:   -10.05 -7.35 89.10
    Accel: 00.00 00.02 01.01
    Gyro:  -0.18 -0.47 00.32
    Mag:   -10.05 -7.35 89.10
    Accel: 00.00 00.02 01.01
    Gyro:  -0.21 -0.46 00.35
    Mag:   -10.05 -7.35 89.10
    Accel: 00.00 00.02 01.01
    Gyro:  -0.21 -0.47 00.37
    Mag:   -10.05 -7.35 89.10
    Accel: 00.00 00.02 01.01
    Gyro:  -0.18 -0.46 00.38
    Mag:   -10.05 -7.35 89.10
    Accel: 00.00 00.02 01.01
    Gyro:  -0.20 -0.47 00.35
    Mag:   -10.05 -7.35 89.10
    Accel: 00.00 00.03 01.01
    Gyro:  -0.20 -0.44 00.37
    Mag:   -10.05 -7.35 89.10
    Accel: 00.00 00.02 01.01
    Gyro:  -0.21 -0.49 00.32
    Mag:   -10.05 -7.35 89.10
    Accel: 00.00 00.02 01.01
    Gyro:  -0.20 -0.49 00.31
    Mag:   -10.05 -7.35 89.10
    Accel: -0.00 00.02 01.01
    Gyro:  -0.15 -0.47 00.38
    Mag:   -10.05 -7.35 89.10
    Accel: -0.00 00.03 01.01
    Gyro:  -0.17 -0.52 00.37
    Mag:   -10.05 -7.35 89.10
    Accel: -0.00 00.02 01.01
    Gyro:  -0.17 -0.56 00.34
    Mag:   -10.05 -7.35 89.10
    Accel: 00.00 00.02 01.01
    Gyro:  -0.17 -0.52 00.38
    Mag:   -10.05 -7.35 89.10
    Accel: -0.00 00.02 01.01
    Gyro:  -0.21 -0.46 00.37
    Mag:   -10.05 -7.35 89.10
    Accel: 00.00 00.02 01.01
    Gyro:  -0.24 -0.53 00.32
    Mag:   -10.05 -7.35 89.10
    Accel: 00.00 00.02 01.01
    Gyro:  -0.20 -0.46 00.40
    Mag:   -10.05 -7.35 89.10
    Accel: 00.00 00.03 01.01
    Gyro:  -0.17 -0.47 00.38
    Mag:   -10.05 -7.35 89.10
    Accel: 00.00 00.02 01.01
    Gyro:  -0.20 -0.41 00.35
    Mag:   -10.05 -7.35 89.10
    Accel: 00.00 00.02 01.01
    Gyro:  -0.17 -0.44 00.34
    Mag:   -10.05 -7.35 89.10
    Accel: 00.00 00.03 01.01
    Gyro:  -0.17 -0.46 00.38
    Mag:   -10.05 -7.35 89.10
    Accel: 00.00 00.02 01.01
    Gyro:  -0.18 -0.49 00.34
    Mag:   -10.05 -7.35 89.10
    Accel: -0.00 00.02 01.01
    Gyro:  -0.17 -0.52 00.32
    Mag:   -10.05 -7.35 89.10
    Accel: -0.00 00.02 01.01
    Gyro:  -0.15 -0.49 00.37
    Mag:   -10.05 -7.35 89.10
    Accel: 00.00 00.02 01.01
    Gyro:  -0.21 -0.49 00.40
    Mag:   -10.05 -7.35 89.10
    Accel: -0.00 00.02 01.01
    Gyro:  -0.20 -0.47 00.40
    Mag:   -10.05 -7.35 89.10
    Accel: -0.00 00.03 01.01
    Gyro:  -0.15 -0.47 00.40
    Mag:   -10.05 -7.35 89.10
    Accel: -0.00 00.02 01.01
    Gyro:  -0.18 -0.47 00.38
    Mag:   -10.05 -7.35 89.10
    Accel: 00.00 00.02 01.01
    Gyro:  -0.21 -0.43 00.35
    Mag:   -10.05 -7.35 89.10
    Accel: 00.00 00.02 01.01
    Gyro:  -0.11 -0.52 00.32
    Mag:   -10.05 -7.35 89.10
    Accel: 00.00 00.02 01.01
    Gyro:  -0.17 -0.46 00.32
    Mag:   -10.05 -7.35 89.10
    Accel: 00.00 00.02 01.01
    Gyro:  -0.17 -0.44 00.32
    Mag:   -10.05 -7.35 89.10
    Accel: 00.00 00.02 01.01
    Gyro:  -0.14 -0.46 00.34
    Mag:   -10.05 -7.35 89.10
    Accel: -0.00 00.02 01.01
    Gyro:  -0.15 -0.50 00.37
    Mag:   -10.05 -7.35 89.10
    Accel: -0.00 00.02 01.01
    Gyro:  -0.17 -0.50 00.37
    Mag:   -10.05 -7.35 89.10
    Accel: -0.00 00.03 01.01
    Gyro:  -0.15 -0.47 00.34
    Mag:   -10.05 -7.35 89.10
    Accel: -0.00 00.03 01.01
    Gyro:  -0.11 -0.41 00.43
    Mag:   -10.05 -7.35 89.10
    Accel: -0.00 00.02 01.01
    Gyro:  -0.15 -0.43 00.35
    Mag:   -10.05 -7.35 89.10
    Accel: -0.00 00.02 01.01
    Gyro:  -0.17 -0.47 00.37
    Mag:   -10.05 -7.35 89.10
    Accel: -0.00 00.02 01.01
    Gyro:  -0.20 -0.43 00.40
    Mag:   -10.05 -7.35 89.10
    Accel: -0.00 00.03 01.01
    Gyro:  -0.15 -0.44 00.34
    Mag:   -10.05 -7.35 89.10
    Accel: -0.00 00.02 01.01
    Gyro:  -0.17 -0.46 00.35
    Mag:   -10.05 -7.35 89.10
    Accel: 00.00 00.02 01.01
    Gyro:  -0.14 -0.47 00.37
    Mag:   -10.05 -7.35 89.10
    Accel: -0.00 00.03 01.01
    Gyro:  -0.18 -0.47 00.34
    Mag:   -10.05 -7.35 89.10
    Accel: 00.00 00.02 01.01
    Gyro:  -0.17 -0.46 00.35
    Mag:   -10.05 -7.35 89.10
    Accel: 00.00 00.02 01.01
    Gyro:  -0.15 -0.44 00.34
    Mag:   -10.05 -7.35 89.10
    Accel: 00.00 00.03 01.01
    Gyro:  -0.14 -0.47 00.35
    Mag:   -10.05 -7.35 89.10
    Accel: 00.00 00.02 01.01
    Gyro:  -0.15 -0.50 00.34
    Mag:   -10.05 -7.35 89.10
    Accel: 00.00 00.02 01.01
    Gyro:  -0.14 -0.46 00.35
    Mag:   -10.05 -7.35 89.10
    Accel: 00.00 00.02 01.01
    Gyro:  -0.15 -0.50 00.37
    Mag:   -10.05 -7.35 89.10
    Accel: 00.00 00.02 01.01
    Gyro:  -0.14 -0.50 00.35
    Mag:   -10.05 -7.35 89.10
    Accel: 00.00 00.02 01.01
    Gyro:  -0.17 -0.47 00.37
    Mag:   -10.05 -7.35 89.10
    Accel: -0.00 00.02 01.01
    Gyro:  -0.18 -0.47 00.38
    Mag:   -10.05 -7.35 89.10
    Accel: 00.00 00.03 01.01
    Gyro:  -0.18 -0.44 00.35
    Mag:   -10.05 -7.35 89.10
    Accel: 00.00 00.02 01.01
    Gyro:  -0.23 -0.43 00.35
    Mag:   -10.05 -7.35 89.10
    Accel: 00.00 00.03 01.01
    Gyro:  -0.29 -0.44 00.37
    Mag:   -10.05 -7.35 89.10
    Accel: -0.00 00.03 01.01
    Gyro:  -0.23 -0.46 00.37
    Mag:   -10.05 -7.35 89.10
    Accel: -0.00 00.03 01.01
    Gyro:  -0.17 -0.44 00.34
    Mag:   -10.05 -7.35 89.10
    Accel: 00.00 00.02 01.01
    Gyro:  -0.21 -0.43 00.32
    Mag:   -10.05 -7.35 89.10
    Accel: 00.00 00.02 01.01
    Gyro:  -0.15 -0.44 00.34
    Mag:   -10.05 -7.35 89.10
    Accel: 00.00 00.02 01.01
    Gyro:  -0.18 -0.44 00.34
    Mag:   -10.05 -7.35 89.10
    Accel: 00.00 00.02 01.01
    Gyro:  -0.15 -0.44 00.31
    Mag:   -10.05 -7.35 89.10
    Accel: 00.00 00.02 01.01
    Gyro:  -0.18 -0.47 00.38
    Mag:   -10.05 -7.35 89.10
    Accel: 00.00 00.03 01.01
    Gyro:  -0.14 -0.44 00.40
    Mag:   -10.05 -7.35 89.10
    Accel: 00.00 00.02 01.01
    Gyro:  -0.12 -0.47 00.35
    Mag:   -10.05 -7.35 89.10
    Accel: 00.00 00.02 01.01
    Gyro:  -0.12 -0.47 00.38
    Mag:   -10.05 -7.35 89.10
    Accel: -0.00 00.02 01.01
    Gyro:  -0.15 -0.47 00.37
    Mag:   -10.05 -7.35 89.10
    Accel: 00.00 00.02 01.01
    Gyro:  -0.20 -0.49 00.40
    Mag:   -10.05 -7.35 89.10
    Accel: 00.00 00.02 01.01
    Gyro:  -0.21 -0.47 00.37
    Mag:   -10.05 -7.35 89.10
    Accel: 00.00 00.02 01.01
    Gyro:  -0.11 -0.41 00.38
    Mag:   -10.05 -7.35 89.10
    Accel: 00.00 00.02 01.01
    Gyro:  -0.20 -0.49 00.40
    Mag:   -10.05 -7.35 89.10
    Accel: -0.00 00.02 01.01
    Gyro:  -0.18 -0.46 00.40
    Mag:   -10.05 -7.35 89.10
    Accel: 00.00 00.02 01.01
    Gyro:  -0.15 -0.44 00.38
    Mag:   -10.05 -7.35 89.10
    Accel: 00.00 00.02 01.01
    Gyro:  -0.12 -0.49 00.40
    Mag:   -10.05 -7.35 89.10
    Accel: -0.00 00.02 01.01
    Gyro:  -0.15 -0.49 00.40
    Mag:   -10.05 -7.35 89.10
    Accel: -0.00 00.02 01.01
    Gyro:  -0.17 -0.52 00.34
    Mag:   -10.05 -7.35 89.10
    Accel: 00.00 00.02 01.01
    Gyro:  -0.17 -0.50 00.38
    Mag:   -10.05 -7.35 89.10
    Accel: 00.00 00.02 01.01
    Gyro:  -0.17 -0.52 00.38
    Mag:   -10.05 -7.35 89.10
    Accel: 00.00 00.02 01.01
    Gyro:  -0.20 -0.46 00.37
    Mag:   -10.05 -7.35 89.10
    Accel: 00.00 00.02 01.01
    Gyro:  -0.12 -0.46 00.38
    Mag:   -10.05 -7.35 89.10
    Accel: -0.00 00.03 01.01
    Gyro:  -0.17 -0.46 00.34
    Mag:   -10.05 -7.35 89.10
    Accel: 00.00 00.02 01.01
    Gyro:  -0.18 -0.46 00.38
    Mag:   -10.05 -7.35 89.10
    Accel: -0.00 00.02 01.01
    Gyro:  -0.15 -0.46 00.37
    Mag:   -10.05 -7.35 89.10
    Accel: -0.00 00.02 01.01
    Gyro:  -0.20 -0.44 00.34
    Mag:   -10.05 -7.35 89.10
    Accel: -0.00 00.02 01.01
    Gyro:  -0.20 -0.46 00.35
    Mag:   -10.05 -7.35 89.10
    Accel: -0.00 00.02 01.01
    Gyro:  -0.20 -0.44 00.35
    Mag:   -10.05 -7.35 89.10
    Accel: 00.00 00.02 01.01
    Gyro:  -0.14 -0.49 00.41
    Mag:   -10.05 -7.35 89.10
    Accel: -0.00 00.03 01.01
    Gyro:  -0.17 -0.46 00.38
    Mag:   -10.05 -7.35 89.10
    Accel: -0.00 00.02 01.01
    Gyro:  -0.18 -0.49 00.38
    Mag:   -10.05 -7.35 89.10
    Accel: 00.00 00.02 01.01
    Gyro:  -0.18 -0.44 00.35
    Mag:   -10.05 -7.35 89.10
    Accel: -0.00 00.02 01.01
    Gyro:  -0.15 -0.47 00.35
    Mag:   -10.05 -7.35 89.10
    Accel: 00.00 00.02 01.01
    Gyro:  -0.15 -0.49 00.37
    Mag:   -10.05 -7.35 89.10
    Accel: 00.00 00.02 01.01
    Gyro:  -0.15 -0.46 00.40
    Mag:   -10.05 -7.35 89.10